223662024709200
177834206252645
554082174757164
575399296740189
299435681740752
789317278413242
1068160060341971
499474911459703
548778582803180
189575296170959
772807173350314
351202986573142
793128251091506
1768284896797063
568404937361459
3323320334415085
661275261104748
148133513808760
2429655623954423
2355945507955467
3203822642988267
693990691484825
676064185798940
424849048812007
238437427726205
468031307347410
741063556537172
544965892846071
364201191280438
274068363570839
444457576826248
531134907900693
751544312196902
304851186599010
196198421741985
798211500909861
990525068092459
496120250549279
606064403876155
655451075805048
344668573614987
921057915330476
1121771121593477
605619533362252
142369621126460
2610408502346490
376408730412877
161002879121415
244334463578806
262515694983918
1520848494714082
829589364264571
250250276145650
453887568938092
494212694680493
592111748262327
624691048177554
292285132372555
1110642296311218
425474556241942
1214805459412754
320683439562996
309910074667206
560813835325047
973516190720019
467961432003954
1627186124031180
970770920769724
588657009525322
1976028925920870
1562070337585256
5396275957098235
1248148785959925
760447978737351
596010995500281
179415357646538
2429610570694988
820972581842247
185770516149644
1059125701597563
1937903819723410
633280534977433
3376126339071087
1851037331763069
789046808909825
4426664654096498
936476796514720
2327198764112593
5389381267756027
1004629886864009
427203884802958
527921332289729
2369175656726343
981767195999713
629592457602247
435548645255307
145096297754155
794953187926847
434404848280045
486388026569760
803219987182169
251969508312256
1409886649434377
345449710476282
219083459916487
541212861000917
536878417807254
1234521254068634
254971433432525
702472973658869
1027033874486014
948393926095657
482273153403340
923960848497351
697893968200325
573222974438463
1106325289980424
995816614616869
963173724267761
568641034254034
4214044781979323
349854521869051
1281510962301988
414781480152368
749031989305275
1157775541318481
253061129387110
2938838956381558
431770835050376
529046468916961
2663552067197568
602181064854817
999283607602243
3561212980572786
659937122088717
4476321729086970
983391889232069
328623429329858
354874440022804
366361688781785
319250610121716
940717516883521
3198261260492853
1397862577307905
617432239324489
577727163266131
2490817174497939
977275216302321
505689949972458
433867281838293
210853040989045
325232303004818
625697775227901
377116900977203
643046387028154
487369022964739
686194139099738
2059909407504911
229972632203246
519779109155366
1000325267283710
410373884089648
1189995568005263
689277308402812
318302580440898
392740169354430
1356697794831847
990210271861021
480156129564742
505091174512961
332586745482514
200806022220844
563307934926743
372668380729599
282197423838565
202472414730200
372637184743903
2162606523880133
317952576101439
334491175236245
699837667880422
7160325954042143
285412510321624
525467559253951
613991036231643
6228212730585313
1389868961435646
981464589298655
660151998342133
1075813603266966
174796534612387
837071820474775
171769691822866
891498311412890
1851832025019084
896181001164003
2696667820654070
583213026331192
576011533703302
1593758470816908
238959034262328
2752697871725392
714805362562788
2663625450591707
628041814454126
273524567096697
861421424755040
956921798479157
255771929688400
982424102558568
2865443743688560
4072337816179557
215017413338304
496254077719580
216964716868404
459778798021984
327097345676840
514913282735984
371513214155511
704277323811386
865902207328850
2852610231447952
139871986624129
487504695847557
1005481190260112
169251210710519
932751663787356
2800928476608394
919347515300858
1181184975637766
596631017452978
959333808208793
978169685992831
446709756676215
2806091836321242
1193138601127515
220818869359498
217607842934713
831642917295417
805750416546805
444693216973135
419324362574268
500623237697850
971032283430485
700175650807045
128729005784185
828823567526052
822903721993243
476034863249019
857744268414763
2448186075293241
324554999379758
3673909515972243
491800155195893
488402248869473
195550561725310
2442429422683810
982323305633856
745958932771497
541359153451832
1653387411538776
457690048703069
1315315382162898
484169322864771
2542711939335990
731888117486166
1067940720323937
669398500141361
743390556375762
462497864724691
331209095112359
1866853950119716
522829289067778
288314888885049
429659221476009
425065948550183
381912556178668
1143432236175137
562949114288514
441709466995480
422529585724857
1311520302219986
386470422615446
4414019011942645
572811393433220
171295764681855
741257826825434
860089308065823
308188226742845
493040941060034
1114144955606799
19119529940
238410264198290
618283625540102
2812089412355012
205935997922844
133327978205257
285095043032747
730834601011593
603933976963901
833266547225562
247104793537967
488734525482256
272310374418985
500679641073239
871208620358865
2621563411479661
4198751006819037
936606080052506
240345920334061
907941330142987
1601927903310437
1094202837721335
1580642298754992
749953885934456
248373449769863
377847876438417
2748489735469719
755194312070144
248160629843039
613564685483308
3364241400333325
712474429446722
218017782803034
925861364421491
2701726383481461
1148503805528944
441234627051684
563524684623296
329285634333006
174349180808687
2644350302560852
167197913626194
2773222396225181
310501650277684
622702321580773
961004334706472
661062188118130
2349387652024807
320585329268559
238490137885850
4028487840536141
685869278615523
319122472823940
519282062337629
2422470171179827
2952757661714956
161195532574538
445367786586529
1298631737143363
864243274380430
841219956641159
224397782820065
352676675861282
2450660685058964
478025289895195
1397877777245941
291572799009312
1542405066051995
218144782954129
1085470561862396
830865567670004
704204320458141
190907359364579
538610833682903
842076663033245
136784291698834
452727599491854
3488153687947138
2128351217470137
1881759311968844
128862294437214
940231566401312
869700796766719
286794609622512
1426600297445172
616070131808031
947080589151494
845814086060517
1894301100737709
721596201887120
292219129468299
446608913334776
248607053236297
193725585898398
513117849430061
445551986417460
817167202451014
2825549161094872
774504412717912
640164213583152
482289926504913
265016215169662
2433091096932759
1776016005802298
248959946145910
183886116213029
1044029602752088
2148655868609783
1234091734129867
876529666884699
391065936517411
304176381207183
1319405778532921
990790434971224
422135606025597
2380447788755638
267199968373951
401486458513917
466519204768390
964908750866130
834144857153610
1528539557349318
226743818667555
5430841946967521
1714047248960384
1026070728271746
444227444000136
307395028020930
627241582317143
391880952848872
963313234204470
1204089963469463
642544310630049
1806921446308428
1575951502781433
628603381880854
320968460005786
1022270431767945
1046922925979970
473847491296129
2601176703515592
961914211357071
658467030879906
5070474243043123
2789298661361011
3661526103936757
585741736331630
595233678625532
483451906008390
1089299461627786
404819628380324
2208457445986162
3068427713487343
1002785770341057
224357686180697
1340566453137478
610802170706367
461283051115545
583577010150268
531188824419035
530420098818406
452321623568471
1506465736481734
710250540046391
4958438807599997
447825557074863
794406711925472
937582903593854
4199218173459042
942733636393086
515789859471819
245737720072564
636004434052552
430678228890048
659042185203798
444780766938567
996498394407557
410930727143932
446589223515520
554583639307770
1319908038495105
155899930090174
437903494439329
874977886470179
302012261927674
800469330947504
1942833689255241
1084738162258596
766105161226081
2162751857213179
236349211314078
4372082229471406
226278765621619
2162252397277326
683284745916724
522711465765869
1373271983141852
677735450154034
1358312384621371
677780900037675
2935274939827215
1252746891779180
945887825901925
3191262710903341
2471361909844171
796617377569415
1118032288745036
1182331105852604
1589733478034821
1046865355868863
1048157089122062
3140687692916614
358323725536305
326451079591135
1015613819232211
700883531057288
2884069765218332
655948318985099
1493963030897886
234718304837475
487338126071019
1657443591268675
371036651721081
1351460351971950
991636971001548
396063632384280
1637982003259974
2866026760362246
346773537140658
2919743631642149
3224788164434241
180137707336046
353067456839353
386371266376663
507682564326309
1442838162761603
3611876075703565
366471001676176
3858561844268798
1248173275699047
128099359290602
1205884859907055
2217864838368266
619537308683245
411907960135292
4821495007900078
1117830372074799
477797093907198
1147377942686294
609172303583847
747659366223073
1127601721335039
264600345756732
645125646701129
1300052023531579
1139968996351129
630858591611871
665215751296593
266729758149188
405495968000569
292999312924128
266863475635348
277766917878434
647388473075110
363776065495446
514263210045159
589838852248320
538600504358610
1009689829924992
601641687643537
917121518905502
3150283101926881
453547199035083
307252898066381
925328448110704
1892217910961218
2210697432405164
886278392172817
873301440118625
485731749931051
236190345036882
675929466935253
208184761498463
309060901269620
994284684462248
530860841566150
444320340350834
1584256211931219
3131511347084117
295634725486960
824550341885975
326391629383428
5361741010521826
475958737542522
249134514056349
740956690225626
929807987692016
694191444893995
1995365640637382
263924832531705
322422046016145
158647724840821
493809868447572
562653277718463
256975673193179
370960499610612
609347489809395
454807215171457
533669050793897
305177784101045
418723825863074
676990772965511
760752001516709
807271590667971
720589665597862
493140032211445
666846597878428
1239352013209741
280838007329148
783749595702664
307327137489531
507311397168806
3539836866031959
401571661646848
958342098225475
2490214571150320
5055243367829524
376174134185956
401194347526901
188169159916197
1047116505866470
444863145927499
388162847882049
564285194601074
466585447513301
287725316311546
4690450044374319
648564709520363
176096841111327
910787789593511
507765697645840
197879169119165
975229256731693
150669583722643
889084348420181
131081715508286
167391724610710
458187519025008
589731425457112
240668038157839
1463482817372115
932033487728072
516145343212845
225507132719885
956469008480646
1309468072834642
468884604843705
2253705194786613
718240948962829
431805174686857
438570047092920
332066605265993
328417949098714
207108541593616
286237720003843
988164748717764
527310985048053
1873188212877177
996955424429454
148585766994890
1051971755213777
1094754891258644
561353665153885
241726757335051
426655105786015
474638024288090
314038270097920
611716263421771
1097052457708473
596424554981063
2737319956561740
424500705749944
284639593759072
1798916410306144
456688109295331
2064105573764185
447772900302425
184362646673758
273521800365024
498611651599766
499562518392445
1561288157546858
642634303453450
506778347073994
869232617338249
523712975431247
312436177371893
2865444660395483
282060400130136
3825747944125646
3261977800692001
277295396525596
2517351755223065
1340437156401127
370690398172387
2576287995997505
4709331815796744
914935392440026
813042109457618
1741947819287652
1176721489519802
361149941443546
544016782979949
322352235102042
2015946791918705
847399665944866
1395644554145783
368738734977210
744711128898006
776451302986646
1278596552602161
448766063012872
295301035426719
1525884164421217
623829075431943
383922963526135
417330129860840
6277364455670012
487061152637385
641968776249597
967160327159050
855886535070915
402847501524979
3144789902416802
858859614761720
446343273732141
348678319931878
5766357576738699
472206530429605
1409722769379688
1512024682404350
2062970420420355
616467539392684
1793610627508460
2954038974823625
5457787240929279
396395831345450
4627576803924068
361204532028785
375318619855519
1078068593009334
2614465552201023
709781902773699
2959596041022947
906832993422372
650571139246185
281638143039731
262974169076109
226933372605551
590062921994573
1903225616513519
940973690146191
610197870114270
431382307865555
461225134937664
3600978719941683
967838537377348
835595936984338
1208760582878236
393068192387832
171114488279288
332847384533428
933159340829544
232418381500481
738600253542642
4751513741535195
327607455790593
913952175678399
2714314808634756
477066903393101
4150748174973948
418994179438153
1661779430776735
1023126331461198
244383444167405
769264723940055
1262640880798868
773605193398856
788490478210984
4311063718986581
567560517708518
152286316849179
368273714606610
126352892766041
645557113050754
522066598927439
223810749680319
201304274886441
294092058295231
1845790978929817
673366610239977
138051581676033
3441522846072950
258922389336936
448243786477296
832366634366834
583961472166491
313730403119904
725880288257286
528285848296856
158271176423003
4004781746243040
2847182645504666
501878791115678
494556301798945
726267811284141
787958625238773
719373085345474
1007285269733693
414380092557256
376815447067078
597877883930047
393597674654411
2758628244383661
1328964507309735
1138708846564372
153464772732523
174410441014610
1366466153720177
643638466195968
3417995171659886
581578882569471
208715021020148
690716451359258
392927392083853
176207280613644
689482815063605
222088592965437
672562206953527
1827465030742400
754991538484581
350830209288342
173161967881775
229790902020405
646742766307895
399847871611537
639867439931558
2862708697109576
921098944573687
228715755375411
958928088139301
5466388046776057
194737056038510
1445952682441729
1013133222785578
294956162616321
729721107217511
499171038106309
400278775226459
560321301610672
899032937168758
3076640852625626
2561653293915132
2798666490450943
1646835438914781
1170139913332771
1726553554204212
4084349271579592
664934646981214
279869756649267
188692745248538
601099244119766
2150468425256811
4423214737755373
748186492751439
221461529640249
1585738551713629
218326116002527
2769001086663813
451581419111339
441658973322882
741925703084303
667795947386790
253284656262123
655564358472672
1150941315376383
257077541985113
295602527777150
2298944747069702
237320770841815
146456347294220
4410471592398122
215826152988777
307813579350805
749300752393092
2305482843104304
500003137714046
424153301911056
628529997799074
491036147909772
213191260671686
171361017547729
168043518355688
866833270428223
412221856206931
319577258210817
897718117754359
541499893659332
132361442086197
955526418118821
179196802883105
739012057041621
142604072508662
819582492215353
4800011640074155
744125349594484
745282415956824
243028721271536
459989039202342
266140961079841
713321933367360
522486752978908
797948028216508
585706486264208
497766065511621
783411018501610
1114121846189844
542053176765845
821465889042095
295576822484829
986131208132698
2317804231694795
588834259039928
324715715677781
4664576960334870
316736712685126
357251733274498
2111738895676545
754441618510386
1607458199570032
846727485429420
657911417606442
5382595165106442
689868917724947
135503861898396
596387881284294
867180640069411
168186603339404
646156556453415
4259123307522596
801382204098229
1078957576217632
1340848182739019
1354096424944783
1240787840082572
587320036225505
268469134909262
453419451514313
340608294584673
1005725490260341
1420761691616983
481676460104355
312561864065169
538528917618274
435902834734793
1532716853772139
2559189014391699
2141240729379159
3076851222603051
2304339056380862
415079573861889
2863911967011331
382764009906296
558415261781767
288901923327361
645564086794151
464456841884465
640777267408137
1169510263547602
429732655612521
764691521175158
471068593979985
806550683317977
223429066335107
469754241077779
572013630401628
405924877606170
274992041264904
837637586822045
584450072435000
552550429063500
608492470534681
221745213042254
1371767556543532
320629333076686
2838859079723886
962109237760521
421789442351626
1814862932167745
547118416458705
586506669256266
638453666551725
903152993785710
2715674815346971
412863706919671
2654655291462380
4160363660752670
1479706292382210
567285593751573
197706787542382
686094678705106
658624618449721
352171062916113
1170264606822914
822845118658811
321190399577558
2661385860855436
223701418583122
607785196749236
294003749232140
1792625354355954
992481751593843
3597028110343258
633131544130619
157349469478448
173477877908990
2902046130055410
924460964754500
1272540949815834
357767736128516
230326858845929
868399677242227
751280766272710
2374145682898835
378070683263049
143461744395646
689471538452533
151521839818542
2341632709490064
2651991395021263
910074339908669
354501625645597
343461330786023
267408571115815
433750181162123
378276683466446
1282751632110960
576894839550263
1883639395183739
387912355987282
1972828162977675
1985237341628198
159263934715702
314672793016114
329208871454656
761215171407095
3592814667442157
1743300682639757
1955928117752434
689968011901425
977458599313080
706912679420459
217784722447695
336592671054584
1713781198668020
616667351857169
318798335530728
1587699654763584
619924801973449
894741587708912
190903532761626
2943902062398586
337860910915913
481656639762862
989599771857816
230991948663055
367232070092580
2070668913211937
137473157776927
715878785188779
2987769361456998
447444149725384
213426923578340
732366397215385
335314914222923
216326438554431
143670909173012
231457531649035
639481376929261
1145488799215486
1141746162882926
296586895173948
2512937755638817
808012273378553
379406762176017
227464025177974
691090551586185
740097003568168
1499816466885670
2009481199204454
288804699414172
1547804955573757
358947125262175
2968083163291145
140904713308630
2096034467374726
521656274640759
151857912199542
105700089775893
339201763321587
1216357705152734
556879364892915
406659809842607
772496393529831
1582536838723893
340191110721351
1042604759587527
2402587883213281
332870980970136
665920950544413
118516535224809
304273410579223
2085012708295185
1981976711937554
229292572204676
417949996291565
788640311716130
177767853611558
395232584399213
214732822943968
922175908536810
860862904480012
791169284865057
262503647742044
388705254599301
501596464547137
184102140145967
1773732626262719
470805230316411
251212989780996
1838986446212926
216072896386685
157630584307912
2107775102699582
517883682061175
697796147576716
369893904159417
371999480215105
1077044995715905
158041004240586
1414752318630920
641735132550878
381115789913277
724413101453145
866685757255663
1246620725701900
123311014790407
686570592051615
390008192341904
160649118516560
1804945069672066
1362794897212530
648657009113782
893210907478193
139801531329749
1985184098454721
195828575506574
1231313313554540
741224233495223
243673746521054
1897137720379026
328730567526196
183805980102438
467404063984762
411708290164119
170260026864356
889807148513626
226671215030810
680507249229492
1308193032865291
186758726514774
286624749292592
571808990173840
476837046872574
221302529507814
361572721465160
119272276804544
431165998231649
2599735370279604
888742098589761
1042122789508267
1605547849621479
364651874284169
132578220847497
2817560411814065
513629129632543
2715721775309177
738820333567953
518522188817847
424315608823494
836588837124988
2638547939733713
416074873995293
992630281472116
2979155595494933
3957816614307757
212896126317939
373170350652041
2035490996733352
643257776769688
343513649523124
2485422838162286
5116056325123743
177528286957287
844756673005427
629986530381282
3311204198900790
451136329213106
649984061752780
226371681924361
1119148831915108
293911022344512
640098126564507
211405679764539
735802460529141
1988847971332885
456336245820066
781151336020829
184255420283573
488696781541578
175761639431936
1289270207946329
145881402949727
1011575412311193
2531776043725372
536837509740501
473881656875772
229033518345104
250201145919378
730547950847006
2867709040148385
77473924629
663338390719005
2444434175641142
190027644344532
386547199398945
802849837271989
700935570803664
1176145889558256
1422099901241295
290976401788258
605589190287768
337667167523669
787451005536046
585141428258622
953511748430328
694635444699296
2686020925047751
148049779174218
2628314397382071
517220238878922
2280103445550967
1145270565813918
411026576805833
124888932797027
158857171588210
626167674197431
350686556035085
235446324171472
1509809035893689
807063636387862
794630281324036
255228743197816
187625373531762
199934524927111
180819787365023
424882782742858
699618377715687
807180059863293
474456210716605
1998963486918695
163874929172697
2934681283474590
900476167290591
490338141916030
2932215260333602
1074457589682565
330906158527964
146878010696548
382511576947861
830398057729450
911061362286219
184625173429891
1343787329105131
702260147152129
2494652637495499
138796544896570
897415117471080
303399678057055
372722013908081
3113454868945555
399627634647693
567503277281421
1099560177469583
238038204765052
661910833893143
3722322257823008
388180465658433
1295792247420494
417891106108159
214362356830788
2622981688002071
545862793465039
979001689516829
1578455992329833
550489739261110
1133307040510361
1041209423070947
2955913404645959
311768567127985
4465230716880052
1240963646344375
2494502160876511
773770146678530
914090239370386
357300805593849
1157840944685601
462635538320420
364277178151332
195913234553805
230290585247810
292218595181249
3552432818157693
2298559456914262
1099123547227715
1254351254961300
275395434135011
1538294053003941
582740319057831
2807972026147855
162117969017403
5301713506531075
1054377398607345
370818678459520
419094756700699
380963063824839
4050580805050873
2027253414223243
1430192910654972
646340306378695
920667977998343
1005692506900582
1062264060945375
204614338008723
161450059389979
852245385474732
229940661109412
854498721756375
908507259896561
234816308410913
336602428118314
541952870640712
1466803780365933
1499383257108109
1453682704972375
1091944531629643
568673987453612
387165955905626
726960167926557
201979318455697
794767811436776
580238562326631
365875704612982
177776627371016
1243688612424686
810570816429676
116086825878112
801630233818607
991720037970802
469059886451461
2914806785458336
213852783281928
178499746820428
505025133344498
162523995569725
1060581344752051
157205643277102
800222854197294
1394460144159950
504612533859749
216593216892365
323206709295007
571267973448265
1013590269045130
643275182944424
294784749313362
117575578316240
1163762361000227
975945059854242
2119857584988636
929496614235608
635941800583325
606025196879192
486042826565775
824037794917642
3221622248159319
594062295007839
717893822895595
398205800792962
746888186048157
473448060565000
269248240951948
396211905345300
630229344226812
2331848500443751
1314687459329898
243652850587274
897947683968147
621145995167985
1183292945933615
643933656767823
356757504845983
580621602708482
1529365177369652
1010497899521239
595983651276468
2763409137294251
554352195897804
270153751249364
965502387675020
3043123625724663
371337327302137
582045873073992
137936536615044
611567643388149
295521214589987
3559109690812591
412517230530742
452081092623079
389780542045186
654171975458485
493742745338341
859861214452642
2614918045310730
620803319371825
582993000215077
173151987902026
902802843413151
456464786311972
669819350921991
1267226346949071
368577724048104
508735440367316
1986224608204346
302754303587678
351967046783243
494863478361837
1447202805632989
782756472557173
5117539021651073
1599452637087843
347172474044666
461665574942110
799595713897330
424991310906994
167039945639435
227444806247337
2540439772945446
910038016204722
445605103859782
2616981278627207
699038960743392
800345103503004
221606092284270
1019107852203488
464281181628359
564303214496319
425734112558553
746918195957212
494291403998515
131659177552363
2696168280701768
2204417410
353163805808870
703706666443820
123853971497404
105684854218090
3990679271046534
138179505099324
998804344049761
337746578351389
2674946372755615
971270253389898
1854893204632748
415845526751896
430167331483274
1027602207736572
239072337830236
4623327241043405
956410964928933
1458004217882715
3358459994235953
823233155055786
748176298966026
213818482326838
888677491203162
620001878012777
450711195471045
2841933059463880
1423387291377412
263389412090071
2329560327360324
2191695014383232
357965139308727
247535907427548
693292268163280
1199515763833554
781444989344355
267674678442900
1270325473405344
186741236082364
1983082881843803
2677373349243789
440591203183010
765484160672535
881414005245603
1176821326162988
859497624407936
143574665674157
146789502045834
845206802867904
584162665918059
545552402735319
3589017364554929
1219985481786564
1292189874153306
381127629465090
2818405604925860
743351652948974
976765869364292
184841303702351
745147365581755
419435445298690
729619677439684
695333127870878
643975890345775
622470658889684
382306956114210
626042091673865
521045069260299
528389751186693
295794765336483
234389418637537
252272956463598
194380159004658
371129284920380
376487692491818
5900964559914285
210682307431413
317879923239041
455565419268120
2959071217754165
479646203106300
1559448467705859
854974258743435
313739673268059
564031211008501
568365854637265
567689293318495
704441096672966
448790336390170
347937293498655
1377880856032951
6500055673402248
2802506806694985
346702780430570
264571837997408
641951596735696
827701514758680
250654463377000
2959875564277330
319748243105503
499711647596434
968973976979256
1035955616807678
451730796039023
258220485587039
494829551836122
240786876070628
469183784204014
2538094403160990
272216020809502
322983186283827
1027174424463939
397172888200094
650949018596300
2511994322396163
301096735116662
168302428622125
631876017403697
360270812343760
530319002203331
5143101975720769
207259787132382
5167137729965443
1695201694005913
169476660873305
728955111222158
822551991921985
272205127048002
1686937084933895
2955188124582343
1668117149898422
637038877062894
366708384751453
290157632047545
266520964006214
373038590531834
285286022648821
213504039908935
451312752536843
2344519385692977
191545535578822
1249620715121042
2495397480755568
404910240411519
4081068615321980
457215851492768
924476648170915
4218736714893944
1557341394632056
730863230455510
3395636953995463
701145921256607
978456102752133
345371975562259
856716138284112
2900483506939064
1208665742907314
1202392163458364
1722274881366004
455592889422126
352834253631803
619954411936588
772637592867732
164443660605570
679819009082589
185977815387007
640040526125174
140600122698609
892933457489897
794671570591498
590951540920034
56966146137
1514124085520634
205972659845767
323075697751859
1465744530345447
1391895007591190
159032404271938
399458167099350
1449878905266373
609420500275502
747477668965274
357103968937211
383070700051854
3223342611220774
303616807789739
148778755155284
461534394823053
1066563134192087
393051398559465
341060190305415
453679082593666
2556078977971845
468922507923266
5424433887597783
416830318504755
802894727271530
343203926717654
837739473099925
166608340856655
774852366809442
322816475355305
845080839268105
882223735722375
188863249848858
172819761125467
181300607179635
232501592190611
1486947538168306
1469916096687468
1013618905739434
674214163002635
3579377858751512
573876450413305
319323039257512
2561988984098508
331536514888813
1323517951191239
891756311613886
881437076077911
540055503686999
397666601525630
256929555425380
1925278810847105
340868584450953
1013636879141283
1737857036501177
122368995082018
1230240567418970
241708059649013
888135368752791
508892366171802
756668051667068
316790486040894
797903937521553
1182852448434114
753480035429875
1856603721179479
772837256856492
486123332502378
279789849681911
381919026816465
484400206066531
2304556596464321
984185072355782
111952433582325
801738737032708
3106429282975835
185651423633632
449397812424314
3237675866255805
387700635769142
1472592649845186
1354994905020127
2074441492766060
187556509927474
877412326235172
864134497987616
439253324103365
493796428754002
639575270936124
1832219090310519
165568532199430
328998549169442
405126629898301
377372000337750
1240013516042072
685071235336933
843591806186872
424558939389652
534248783427792
334771514578344
313505703522134
3627560080600472
1314889605576350
1057022341031806
489564858212499
428802157517394
2561383090632303
407380207317058
3869271819763778
769721240530906
698272160837750
488911322212726
809817136355690
786465625532091
2189983664369031
1912593312121508
1802340816668903
2351832361606797
592037121750383
5064823830201774
783407262530732
1307391072974283
550202912094797
528364011240424
281552570485210
525946275436234
558649108567667
279557557290542
344817356263551
808220539976327
160180247941788
149884090465004
962527081175444
1236068560546305
661833118019406
758670014838119
223307986390232
1320241148309900
1406433856417910
186342201698181
2822601231353962
4700326986704906
666668896737595
887906318706450
2717588855125829
3288885077896161
846862356124763
335175244975313
2850326651863530
1403913903072121
178312276268246
112682199402827
2112421652120424
268657124787961
188604526341962
2735410673190422
316201983492157
283078669713928
810998492805121
195299415598199
1492766291055348
354755078574017
1349406011884769
512015545935228
299157175246641
176193851000541
184681910192784
558064942044658
115773813939943
482337669720984
1220147681757622
1143435902818079
2755636591429381
2756733094594281
341698666388557
1498879286861360
722689435124017
2943721249286293
966415507442082
620840199335391
881232756132713
139181864253129
817696192333644
1169748946740358
805274360043279
4067771259902548
121393103147896
3030322110576821
1035380070613743
2411954315742085
449031833150949
261685624976189
1201113429951828
649533865758304
2220643444929068
558783961567786
148242330314736
896974757006005
1854632681489543
625793321725812
248133057375594
171631125033616
650050875724131
350859115770481
559889882059033
2376069342487986
2860626067531896
1403765829999793
264292167386352
2911374505770698
152573949673880
244540690403719
271263697976385
953731445391635
2776753229253433
1435450056825460
1294951103917049
177803194249669
3742677109115476
220131302382205
2667388900227265
3577093275752185
334878417601913
1504641529612363
422256938638218
2736362736635772
573678037420270
410471269975006
1667322156793912
638241186860712
1942578056022348
194453132341927
147315500844717
293832171843060
146428507435992
740302406645358
2462755087362180
2886552795003557
908900869889810
3132437290181787
485762219204131
2840380169381945
997934414003349
461241505034785
586747868596212
407716243710827
205412736207191
512250079662030
483494202827970
1953380661498156
2821374971426971
3950397408319417
1528843430836734
265097751517966
4519013148118146
1173762719783046
1054221638397001
667168177035063
582956855984283
600903200414832
659592618012133
544267073183902
2119297401484329
875502913092666
3887752451258049
2190926861029302
334367937608202
132327274009633
500739127294956
4063121347096490
748496635824542
465947294496616
1029774860536091
1012061342195864
262897248895372
417151632650268
1639847089378268
1538144959682098
1408195469451562
397492371680989
3186797374758091
266911513898532
441124363572226
523179728932248
817548448739407
1341954266166818
308770170661259
295036958371348
149241912612556
725759231479148
712680015882902
196957199083175
1982959888441065
889366581798512
3470452456381842
177855176004629
335196954730450
880491055887315
538094023855607
1698997670278079
993688017784930
3015462985390786
355612342860497
921847885412182
245980110269736
307652084180355
238837758036862
378751029426759
171818746314921
374605196918704
975107176612080
835027307236768
295248518983399
3590001744430783
363014304912803
1687503754740680
545693749479610
3092140824377493
1004022779741152
4854124171294744
227855529136271
197214531460239
391001808871817
314507236667418
1132912593841468
1577561919097661
4358344467509707
1711444215803173
173388507832594
1272697549606346
2735593266768499
1605685732962005
2885724938357120
1415313555198360
1472429779651234
3344026685674989
194211482402496
460599828126756
1864451790541152
1373036112711967
929209117606378
913818252492432
522343122163810
431805847790056
222526972281973
635329567019267
602849554423080
235247216955012
1528655670488919
1797553673897231
855191108213868
2201930656786074
457372925259097
584141895861731
1355796634776639
394880918053957
2806720859607904
185440620214091
727272278133797
4443632849037468
935188013734593
568016181245298
2964547453817643
191015979312982
197131520856518
1636308329838811
143479197826722
314019539346971
1575074495912080
2902459770020094
538154287343304
190649486381179
166517401514498
1638351223156653
3879071322220759
364282221641055
195863155820966
353116386243370
589359195079490
713161103417634
2694915540724005
1565550350333546
1782847015263872
771981457011676
892994371165337
319958653215424
121586746644453
1671707593132157
371890534152929
1747923358857411
2218985884990460
160839489507029
1980445885575829
2737488249874283
2365866013740600
319010273244580
504256150737641
257002224722479
661360614028478
753132595264171
1036930033800268
342537760757308
1408269326218334
901788566893852
282512003420149
258689464631735
274439460118968
660035791429209
1233061040104931
321441839753174
2004454362945662
510577493692084
291295652319279
400910450368700
235308828052570
301325330712981
303252050305806
174503764596748
1162701330822928
864068987648385
567019181220719
355250755575905
244546960739374
259200478954563
557662272243230
199399652154947
325082244651984
201261454852918
485698144918414
467709110901492
777610382905103
167497181993027
277197660685638
2255958551286778
1357827684388671
704758716929656
866078440191395
230726605208472
3230754557145003
497611244073353
416792733105430
1534482070058067
3062728590499618
1030475680471135
326160235304212
305746500416930
235914454526885
301510061216019
698236117551834
1714503148846889
212896800400613
214745642294255
1125006494694962
239058414272403
227336135530345
199104187315552
987460048254172
838026320148801
247630307157762
190302286277633
595702810805324
925312868321140
246940180251140
213864197346206
443154326252098
1422640348106165
2633830363345378
666904640868202
515115559253669
712017379671431
162113842355406
480594822905754
522731885605748
586792319360406
373080271183049
2810882735819330
1782943645222733
429052571385482
624665885095549
245784193753433
1225840631265313
1403519426656461
588172098863687
456818218859856
889404828547936
999862253859674
662982671767438
2814520585462342
576275013380683
1376397166067341
358301042689481
1410213036008410
647538749390283
1174162652997877
131643459072788
531753624934224
547406335856696
275718910595301
884178545740866
606075203693083
279804893225246
3299403723507573
1543117202541223
643825210388020
2979694862260585
884263522125627
277678413487943
775826063301160
243395627882183
225661902883313
369800497401802
653948775629031
1555067288160099
995077487640022
2299793233618965
241167620533285
211963070555572
716477159529513
305597158247406
2413394155430932
274524040820148
2395618667402233
574133463194941
522181746161062
396796485167912
758358838138079
408021907481764
339434804529141
638959890653620
546121256438248
423755771698169
443045590604745
484051422737733
227096322582889
459877121952245
6376002775771754
466613181865047
411173714019117
587188035285064
2629051160696407
581918469446976
519735755667083
1721432281392035
1593749840685380
199598216774265
492178008551360
887558111963757
2948468215438548
264772948583840
2739396209612084
290194866449697
354656966388327
864051611111821
1479638502398448
427333524552757
296745451901955
1572026206252233
403875207751905
378073690327285
818916055633448
2646279772349622
824683848459804
507657140684481
599968124386281
695117158099882
149903417284311
186227142625260
920252015196633
1190710824742798
2668141670107240
2371740723131257
893861864817082
1095821464220725
503185147074619
517405036040082
462764635771635
1750494455262023
153924481915997
6697211810319138
555500852406619
320231309916445
641782596671781
717724878876417
822928052398932
923964981859307
432563258872554
663016548388234
582658546122210
1069449377150123
352493016568577
903020596732436
898746681017653
1832506390122343
433281808934904
615425236204064
698694530859584
224895679472042
668773971223527
5183995971722565
1052811141882904
352589622291291
409626501088470
398404138750112
446387750339918
364201567983272
4003004196420433
671698514151678
4957256060963614
1540109713013407
311718677599973
2207346599529824
1058025668076220
437133261154176
404607361059236
637993487354458
1198306803953515
237867957285999
783393635680923
3697961246904809
2692442104410476
264868658327021
472417557246029
563077220703704
330628918953371
1270676006767770
1316504382189919
1119354581784691
1671465386306718
623219305009191
290112288491569
437619916775797
1074835093318115
343138960652582
621197421827991
1754684394751015
407568039586545
1686473514933278
380847575325298
484727371564477
466239366911798
1566149976937425
501575213211222
231038123628130
811896742647671
613740762719914
544595886813865
386204633090580
1145380956294990
2207165499582187
1545596812445390
3057118434573288
1918564171733731
415099282881676
774708396384520
47476702419
456370534710837
916288711726557
484215192944998
726888237869245
1023231958123386
374390297502899
861582454656252
298013211366231
379962823880576
377046420555860
173710837344541
552544982736514
3070231949883856
441737856322625
691128247751057
1333000643542243
427993761419732
188440424635378
2959114607498854
1247738369007910
512486093197471
197231510670713
788708375087164
3018799898363066
673460729991845
2745255929038553
310427212676557
1478013592441336
924893661610168
1455865221298286
305750086277789
258205257978785
157550259699366
917324662197807
261105199145054
158483985995167
1021072712040598
425951252009469
1203207963518577
1864838367006235
325047128871161
216115118816576
1103292923518980
2742270539371537
238753426489802
603648620805944
235514274945242
300071027771915
327535451565587
689920354441351
187564242361122
1820362701589706
289815754999559
660291211414335
286027545906504
632995640903129
236516037843151
1416399818655255
888580959043370
608151677029899
1744481069226897
135751557574795
322554596276074
119147164317558
818093812767874
829207701523707
366752864519721
664362141884912
2636218123350146
2781345372150633
641389582691434
975496849740253
459984012705299
618602559175161
883025442028562
1504895523294327
4557580030999977
1997788747131541
638926574040313
3225278557569170
2062257637172951
469432869908851
364667461803681
527673978592939
1963768727284819
273379960999864
1714456628784231
1370400329831160
311441417854582
593847758000515
175080149879652
448506449546133
636518070996562
7270220049718849
355624526285092
707850793904586
542010140924248
2426986404101949
2230207153777244
3156432454372841
288042022755944
1451127408405978
1174641530065116
643536017410729
839722833357539
5851228674904487
409773037323667
447722600085654
437630123948395
308434861265914
527622122006727
1033852477207171
211715026623030
292002232220179
212216935465415
1723990500996705
1032983570616922
2250906251741983
568609457616999
303194848666307
3149928918663618
524123718146361
750154589652696
1466271933582809
1236408683433445
995817054310488
621208565729800
1479175305812716
1169958966828481
737194240059513
2585341885034944
442246660483589
218936929697696
401590497980387
306150504309489
1154760908300107
395811581142799
116976766423475
556249592214830
1555997038088833
4189010391228709
378986303322861
340645357471403
342150484752209
753482138559709
1016825192184250
360428432271107
591356942063416
326275131385842
1595173897320939
179598309262585
801665317391505
756113245345727
351313683514190
463716795140550
1442828019400518
628156104997442
645710350001051
847051492663547
219861049099530
240052214951917
1422816521440336
739055339937906
3394922133953280
3972048136189837
143601684078159
1179002362530429
2499406676843908
328062205710000
202407793170945
2905486662997981
433294404882694
692347798005168
272637124249012
1211067352618737
2705858156328033
1239110126491970
825916844953519
983912815456694
380185270255709
264264961931903
764444400273481
2268114719871383
647512378990466
298830495062042
365136074577154
854943435420172
902164053671300
848480649245951
421885012315723
645704136171844
179383937609626
584820969503716
228681605990888
1168186803598880
299608484823914
560148371544753
388671499674180
1322452981527208
1629280383825349
900788093875890
745586839170079
716403505863841
4391490690965199
791921161606380
237164454802880
1172636006540478
1134777620804872
157068589961219
470480160306696
416921288502162
209031106403386
406998569987680
248008845954402
249463997156807
563516415419798
536491864743960
699361994474204
808334532933178
586289929191251
1003521987151519
218777312749511
295515864708456
635486129873792
2609134349382113
2980488415369059
3984054218315905
122161129848427
941681196538261
240963711482521
345317916547739
1197505890777967
819971158570399
192012464687991
299905140932285
569202091121178
201949600981790
485187056588216
732374934382177
269241421847042
1108270926575165
1695099387177865
130632320415349
258379518537472
203788925148965
831834190181667
337143474619242
940740090065344
729986904343217
221521246147009
472484777226768
586955235029690
475799806360341
981337082273827
660695751280446
395913948342386
2123088887815741
937767967060906
478545809939868
484841299208882
2511372835590976
238713197225209
1178565459165463
1558584757851415
620904265754670
719671765645001
1863201683830442
2794463154190518
643634690158988
1031876333969501
497542894939422
225262779404126
995883651176008
432392490582282
557256915163437
427446242333734
538918887289008
437512891314939
208356930960990
451542776165441
2740006126128292
3720455584667834
603176360689747
322858492049746
1178984385901938
253170842936582
861959308030976
140812504689748
2071655543136016
797513577609197
558972835283486
416948808682760
835515333697840
135000112023253
1519922831438408
252233826729003
266654848315267
353171449111468
191585618019461
927709044654780
408759503787148
2974848232741206
400055021638670
149765187166635
256618691596255
611918065885969
237971150741743
273762716649197
2316282475261774
1046945582743417
135041913723917
146397356814336
565542144351439
1435769239960485
2124117000938554
4678706632144524
410100086863182
954418915333584
388227805870346
320453456352313
164834534360255
1775095262657297
866447090427966
231543445170938
4234445276621609
538404903467143
562977538191998
775922279867760
2756649367931083
506532146529110
899047557552485
719318365689188
1202696993515855
688097948581479
842428366483399
358821742274794
544833862876494
797280371054219
2263405377113649
315089910536993
1324084518057607
687125632337431
444660660318643
795016498338802
1535259979996739
1276163029562080
317719556152229
4963098593746371
702413667863540
632127561377706
1280132435817867
2895458120698468
285961026453240
1208078599578449
1532726543552014
973090953169466
2808600605822362
373828513965682
1015284812175900
229816034913250
439643744321146
3009603942637416
263500755375890
507458243386303
1174546339677139
431254354808271
213153074122802
934554057007480
147947977337740
279333160700116
663636871147125
287019426185716
2093158224312697
1343052322727502
518713562381175
339686620981610
383608483240186
212216850405468
826198238220317
1617042448433489
469864667793651
3612420982156205
817200928832957
870926620029280
6294131010606729
1223805794890420
3513545368924661
865567177893641
1312273602877067
2352561408332344
687658098866399
496759071497705
207468776867617
1053384665191659
209720683974873
255221059912023
1869481983296814
230132352598838
290245806367008
1281340639051099
916627532391730
616848092791117
623452041633321
681455295999491
253699489558951
805587686936080
984255412314655
2273342526053501
443850789925396
529457804353442
378762556199825
948479289002233
242930054154316
914183415704400
324328505069315
2401817323296784
1513981585456930
4928076030588804
218601401910065
286027569192028
433946657652295
910998436238011
471036508032363
540758047171258
471641760267782
380414537328810
642331870046559
1953433244951016
476816194110396
827993891102359
1901440886654864
251885229263056
346392112187563
628259321611562
278862571001767
225161502035348
21617807131
1019700428405221
466412551134688
473095570668104
403363740273667
2390353614442533
464058984935959
249854328521238
1125751381115477
235578968267900
2291558400925890
515895895674192
475082536717857
2838514243077915
502759180754437
1163506127517251
1208407442664127
255419331890353
502556277727721
452285489858052
1342963129073011
1274481112986495
209683777282569
1111254835740426
397979057216081
245684549406244
331191115613088
937732000361806
616782082239684
1316956218496725
635664884147004
264254086998088
1055235524927160
2675493342665336
548355482875532
592524792024773
3097931600448188
1044342752987253
177259786288123
3019975671348538
2279816458932466
982986922167822
264799861721567
3095404960770048
1000796560606764
261254015210711
618081338668538
563379698053559
541590470376163
1050729622107855
1313504449022670
1562213297301457
1226422647530328
290287881574491
1127754377343829
343888929572600
635406773729167
180730653236971
2345594272144913
2864931547167588
327452649325573
902631803661381
1638875833130828
311483034046729
1346721428807194
990096631407192
674602986214189
722708374485269
674749536550158
964904820940845
981021069085820
1570581333145697
1077986653035510
748385458876168
1306623299482129
369813904399818
557481320979435
735563696577847
1581838071975624
343514612434643
